<?xml version="1.0"?>
<opencv_storage>
<calibrationDate>"Mon May 25 21:13:10 2020"</calibrationDate>
<framesCount>29</framesCount>
<cameraResolution>
  640 480</cameraResolution>
<cameraMatrix type_id="opencv-matrix">
  <rows>3</rows>
  <cols>3</cols>
  <dt>d</dt>
  <data>
    5.3226273868525448e+02 0. 3.2590522394049350e+02 0.
    5.3226273868525448e+02 2.6946997900677803e+02 0. 0. 1.</data></cameraMatrix>
<cameraMatrix_std_dev type_id="opencv-matrix">
  <rows>4</rows>
  <cols>1</cols>
  <dt>d</dt>
  <data>
    0. 9.4807293077374464e+00 1.6361207593986840e+00
    9.2117072437550285e-01</data></cameraMatrix_std_dev>
<dist_coeffs type_id="opencv-matrix">
  <rows>1</rows>
  <cols>5</cols>
  <dt>d</dt>
  <data>
    0. -6.1539772782054671e-02 0. 0. 1.7618036793466491e-02</data></dist_coeffs>
<dist_coeffs_std_dev type_id="opencv-matrix">
  <rows>5</rows>
  <cols>1</cols>
  <dt>d</dt>
  <data>
    0. 6.3876840944451299e-03 0. 0. 8.4522982241723114e-03</data></dist_coeffs_std_dev>
<avg_reprojection_error>2.6064155383711335e-01</avg_reprojection_error>
</opencv_storage>
